1 0 0 0 
0 1 0 0 
0 0 1 0 
0 0 0 1 
-0.118391 -0.695766 0.708445 -454.133 
0.511008 0.569041 0.644253 -367.153 
-0.851384 0.438295 0.288173 450.82 
0 0 0 1 
0.0378507 0.528473 -0.848106 618.064 
-0.612688 0.682744 0.398088 -189.949 
0.789418 0.504556 0.349631 462.909 
0 0 0 1 
-0.992426 -0.0704855 -0.100609 100.235 
-0.118636 0.337453 0.933837 -576.548 
-0.0318713 0.9387 -0.343259 918.282 
0 0 0 1 
0.630047 -0.667379 0.397046 -250.839 
0.532913 0.743477 0.404037 -282.434 
-0.56484 -0.0429714 0.824081 146.887 
0 0 0 1 
-0.771941 -0.628465 -0.095603 107.267 
0.284123 -0.475628 0.832498 -498.72 
-0.568667 0.615476 0.545717 302.454 
0 0 0 1 
0.79309 0.353045 -0.496354 295.785 
-0.262435 0.933433 0.244602 -159.364 
0.549669 -0.0637312 0.832948 112.175 
0 0 0 1 
-0.759842 -0.542331 0.358493 -151.231 
0.291503 0.208671 0.933532 -633.353 
-0.581091 0.813839 -0.000465306 679.481 
0 0 0 1 
-0.561703 0.56671 -0.602768 437.839 
-0.437624 0.414778 0.797775 -513.373 
0.702122 0.711898 0.0150235 633.426 
0 0 0 1 
