1 0 0 0 
0 1 0 0 
0 0 1 0 
0 0 0 1 
-0.115173 -0.695234 0.709496 -454.582 
0.511976 0.570527 0.642168 -365.389 
-0.851244 0.437205 0.290234 448.774 
0 0 0 1 
0.0263751 0.528734 -0.848377 616.435 
-0.611109 0.680153 0.404893 -194.233 
0.791107 0.507772 0.341053 468.013 
0 0 0 1 
-0.993302 -0.07574 -0.0872617 90.3243 
-0.107823 0.336087 0.935639 -576.944 
-0.0415378 0.938781 -0.342002 916.191 
0 0 0 1 
0.629952 -0.667115 0.397641 -251.39 
0.529178 0.743458 0.408951 -285.16 
-0.568447 -0.0471965 0.821365 149.095 
0 0 0 1 
-0.767117 -0.633277 -0.102426 110.759 
0.280164 -0.474357 0.834562 -499.527 
-0.577095 0.611511 0.541309 304.897 
0 0 0 1 
0.785915 0.355349 -0.506029 301.286 
-0.261847 0.932635 0.24825 -161.306 
0.560156 -0.0626014 0.826019 116.497 
0 0 0 1 
-0.755339 -0.548927 0.357971 -151.182 
0.290677 0.208933 0.933731 -632.517 
-0.587342 0.809337 0.00174543 677.586 
0 0 0 1 
-0.570511 0.565696 -0.595403 431.775 
-0.426861 0.41511 0.803414 -516.43 
0.701646 0.71251 0.00464863 639.241 
0 0 0 1 
